Скалярное произведение:(1,2,3);(4,5,6)

Векторное произведение:(1,0,0);(0,1,0)

Смешанное произведение:(1,1,1);(2,2,2);(3,3,3)

Арифметические операции над векторами:+:3:(1,4,1);(6,2,2);(5,3,8)

Модуль вектора:(1,2,3)

Процесс ортогонализации:3:(0,1,0);(2,0,2);(2,3,1)

//Арифметические операции над матрицами:*:[(1,2,2) , (2,3,4)]; [(1,2) , (1,2), (3,4)]
//
//Арифметические операции над матрицами:*:[(1,2,2) , (2,3,4)]; 1

Определитель матрицы:[(1,2) , (2,3)]

//Обратная матрица:[(1,2) , (2,3)]

Ранг матрицы:[(1,2,2) , (2,3,4)]

Размер линейной оболочки:3:(0,1,0);(2,0,2);(2,3,1)

Принадлежность линейной оболочке:2:(0,1,0);(2,0,2);(2,3,1)

//Решение СЛАУ:Жордан:[(2,1) , (1,3)]; [(4), (5)]

Собственные числа:[(2,1) , (1,3)]

Собственные векторы:[(2,1) , (1,3)]
